q		p		p^2		2pq		q^2
0.0600	0.9400	0.0036	0.1128	0.8836
0.0576	0.9424	0.0033	0.1086	0.8881
0.0555	0.9445	0.0031	0.1048	0.8921
0.0535	0.9465	0.0029	0.1013	0.8958
0.0517	0.9483	0.0027	0.0981	0.8992
0.0501	0.9499	0.0025	0.0952	0.9023
0.0486	0.9514	0.0024	0.0924	0.9052
0.0472	0.9528	0.0022	0.0899	0.9079
0.0459	0.9541	0.0021	0.0876	0.9103
0.0447	0.9553	0.0020	0.0854	0.9126
0.0436	0.9564	0.0019	0.0834	0.9147
0.0425	0.9575	0.0018	0.0815	0.9167
0.0416	0.9584	0.0017	0.0797	0.9186
0.0407	0.9593	0.0017	0.0780	0.9203
0.0398	0.9602	0.0016	0.0764	0.9220
0.0390	0.9610	0.0015	0.0750	0.9235
0.0382	0.9618	0.0015	0.0736	0.9250
0.0375	0.9625	0.0014	0.0722	0.9264
0.0369	0.9631	0.0014	0.0710	0.9276
0.0362	0.9638	0.0013	0.0698	0.9289
0.0356	0.9644	0.0013	0.0687	0.9300
0.0350	0.9650	0.0012	0.0676	0.9311
0.0345	0.9655	0.0012	0.0666	0.9322
0.0340	0.9660	0.0012	0.0657	0.9332
0.0335	0.9665	0.0011	0.0647	0.9341
0.0330	0.9670	0.0011	0.0639	0.9350
0.0326	0.9674	0.0011	0.0630	0.9359
0.0322	0.9678	0.0010	0.0622	0.9367
0.0317	0.9683	0.0010	0.0615	0.9375
0.0314	0.9686	0.0010	0.0607	0.9383
0.0310	0.9690	0.0010	0.0601	0.9390
0.0306	0.9694	0.0009	0.0594	0.9397
0.0303	0.9697	0.0009	0.0587	0.9403
0.0300	0.9700	0.0009	0.0581	0.9410
0.0297	0.9703	0.0009	0.0575	0.9416
0.0294	0.9706	0.0009	0.0570	0.9422
0.0291	0.9709	0.0008	0.0564	0.9427
0.0288	0.9712	0.0008	0.0559	0.9433
0.0285	0.9715	0.0008	0.0554	0.9438
0.0283	0.9717	0.0008	0.0549	0.9443
0.0280	0.9720	0.0008	0.0545	0.9448
0.0278	0.9722	0.0008	0.0540	0.9452
0.0275	0.9725	0.0008	0.0536	0.9457
0.0273	0.9727	0.0007	0.0532	0.9461
0.0271	0.9729	0.0007	0.0528	0.9465
0.0269	0.9731	0.0007	0.0524	0.9469
0.0267	0.9733	0.0007	0.0520	0.9473
0.0265	0.9735	0.0007	0.0516	0.9477
0.0263	0.9737	0.0007	0.0513	0.9480
0.0261	0.9739	0.0007	0.0509	0.9484
0.0260	0.9740	0.0007	0.0506	0.9487
0.0258	0.9742	0.0007	0.0503	0.9490
0.0256	0.9744	0.0007	0.0500	0.9494
0.0255	0.9745	0.0006	0.0497	0.9497
0.0253	0.9747	0.0006	0.0494	0.9500
0.0252	0.9748	0.0006	0.0491	0.9503
0.0250	0.9750	0.0006	0.0488	0.9505
0.0249	0.9751	0.0006	0.0486	0.9508
0.0248	0.9752	0.0006	0.0483	0.9511
0.0246	0.9754	0.0006	0.0481	0.9513
0.0245	0.9755	0.0006	0.0478	0.9516
0.0244	0.9756	0.0006	0.0476	0.9518
0.0243	0.9757	0.0006	0.0474	0.9520
0.0242	0.9758	0.0006	0.0472	0.9523
0.0241	0.9759	0.0006	0.0469	0.9525
0.0239	0.9761	0.0006	0.0467	0.9527
0.0238	0.9762	0.0006	0.0465	0.9529
0.0237	0.9763	0.0006	0.0463	0.9531
0.0236	0.9764	0.0006	0.0462	0.9533
0.0235	0.9765	0.0006	0.0460	0.9535
0.0234	0.9766	0.0005	0.0458	0.9537
0.0234	0.9766	0.0005	0.0456	0.9538
0.0233	0.9767	0.0005	0.0454	0.9540
0.0232	0.9768	0.0005	0.0453	0.9542
0.0231	0.9769	0.0005	0.0451	0.9543
0.0230	0.9770	0.0005	0.0450	0.9545
0.0229	0.9771	0.0005	0.0448	0.9547
0.0229	0.9771	0.0005	0.0447	0.9548
0.0228	0.9772	0.0005	0.0445	0.9550
0.0227	0.9773	0.0005	0.0444	0.9551
0.0226	0.9774	0.0005	0.0442	0.9552
0.0226	0.9774	0.0005	0.0441	0.9554
0.0225	0.9775	0.0005	0.0440	0.9555
0.0224	0.9776	0.0005	0.0439	0.9556
0.0224	0.9776	0.0005	0.0437	0.9558
0.0223	0.9777	0.0005	0.0436	0.9559
0.0222	0.9778	0.0005	0.0435	0.9560
0.0222	0.9778	0.0005	0.0434	0.9561
0.0221	0.9779	0.0005	0.0433	0.9562
0.0221	0.9779	0.0005	0.0432	0.9564
0.0220	0.9780	0.0005	0.0431	0.9565
0.0220	0.9780	0.0005	0.0430	0.9566
0.0219	0.9781	0.0005	0.0429	0.9567
0.0219	0.9781	0.0005	0.0428	0.9568
0.0218	0.9782	0.0005	0.0427	0.9569
0.0218	0.9782	0.0005	0.0426	0.9570
0.0217	0.9783	0.0005	0.0425	0.9571
0.0217	0.9783	0.0005	0.0424	0.9571
0.0216	0.9784	0.0005	0.0423	0.9572
0.0216	0.9784	0.0005	0.0422	0.9573
0.0215	0.9785	0.0005	0.0421	0.9574
0.0215	0.9785	0.0005	0.0421	0.9575
0.0214	0.9786	0.0005	0.0420	0.9576
0.0214	0.9786	0.0005	0.0419	0.9576
0.0214	0.9786	0.0005	0.0418	0.9577
0.0213	0.9787	0.0005	0.0417	0.9578
0.0213	0.9787	0.0005	0.0417	0.9579
0.0213	0.9787	0.0005	0.0416	0.9579
0.0212	0.9788	0.0005	0.0415	0.9580
0.0212	0.9788	0.0004	0.0415	0.9581
0.0212	0.9788	0.0004	0.0414	0.9581
0.0211	0.9789	0.0004	0.0413	0.9582
0.0211	0.9789	0.0004	0.0413	0.9583
0.0211	0.9789	0.0004	0.0412	0.9583
0.0210	0.9790	0.0004	0.0412	0.9584
0.0210	0.9790	0.0004	0.0411	0.9585
0.0210	0.9790	0.0004	0.0410	0.9585
0.0209	0.9791	0.0004	0.0410	0.9586
0.0209	0.9791	0.0004	0.0409	0.9586
0.0209	0.9791	0.0004	0.0409	0.9587
0.0209	0.9791	0.0004	0.0408	0.9587
0.0208	0.9792	0.0004	0.0408	0.9588
0.0208	0.9792	0.0004	0.0407	0.9588
0.0208	0.9792	0.0004	0.0407	0.9589
0.0207	0.9793	0.0004	0.0406	0.9589
0.0207	0.9793	0.0004	0.0406	0.9590
0.0207	0.9793	0.0004	0.0405	0.9590
0.0207	0.9793	0.0004	0.0405	0.9591
0.0207	0.9793	0.0004	0.0405	0.9591
0.0206	0.9794	0.0004	0.0404	0.9592
0.0206	0.9794	0.0004	0.0404	0.9592
0.0206	0.9794	0.0004	0.0403	0.9592
0.0206	0.9794	0.0004	0.0403	0.9593
0.0205	0.9795	0.0004	0.0403	0.9593
0.0205	0.9795	0.0004	0.0402	0.9594
0.0205	0.9795	0.0004	0.0402	0.9594
0.0205	0.9795	0.0004	0.0401	0.9594
0.0205	0.9795	0.0004	0.0401	0.9595
0.0205	0.9795	0.0004	0.0401	0.9595
0.0204	0.9796	0.0004	0.0400	0.9595
0.0204	0.9796	0.0004	0.0400	0.9596
0.0204	0.9796	0.0004	0.0400	0.9596
0.0204	0.9796	0.0004	0.0399	0.9596
0.0204	0.9796	0.0004	0.0399	0.9597
0.0204	0.9796	0.0004	0.0399	0.9597
0.0203	0.9797	0.0004	0.0399	0.9597
0.0203	0.9797	0.0004	0.0398	0.9598
0.0203	0.9797	0.0004	0.0398	0.9598
0.0203	0.9797	0.0004	0.0398	0.9598
0.0203	0.9797	0.0004	0.0397	0.9598
0.0203	0.9797	0.0004	0.0397	0.9599
0.0203	0.9797	0.0004	0.0397	0.9599
0.0202	0.9798	0.0004	0.0397	0.9599
0.0202	0.9798	0.0004	0.0396	0.9600
0.0202	0.9798	0.0004	0.0396	0.9600
0.0202	0.9798	0.0004	0.0396	0.9600
0.0202	0.9798	0.0004	0.0396	0.9600
0.0202	0.9798	0.0004	0.0395	0.9601
0.0202	0.9798	0.0004	0.0395	0.9601
0.0202	0.9798	0.0004	0.0395	0.9601
0.0201	0.9799	0.0004	0.0395	0.9601
0.0201	0.9799	0.0004	0.0395	0.9601
0.0201	0.9799	0.0004	0.0394	0.9602
0.0201	0.9799	0.0004	0.0394	0.9602
0.0201	0.9799	0.0004	0.0394	0.9602
0.0201	0.9799	0.0004	0.0394	0.9602
0.0201	0.9799	0.0004	0.0394	0.9602
0.0201	0.9799	0.0004	0.0393	0.9603
0.0201	0.9799	0.0004	0.0393	0.9603
0.0201	0.9799	0.0004	0.0393	0.9603
0.0200	0.9800	0.0004	0.0393	0.9603
0.0200	0.9800	0.0004	0.0393	0.9603
0.0200	0.9800	0.0004	0.0392	0.9604
0.0200	0.9800	0.0004	0.0392	0.9604
0.0200	0.9800	0.0004	0.0392	0.9604
0.0200	0.9800	0.0004	0.0392	0.9604
0.0200	0.9800	0.0004	0.0392	0.9604
0.0200	0.9800	0.0004	0.0392	0.9604
0.0200	0.9800	0.0004	0.0392	0.9604
0.0200	0.9800	0.0004	0.0391	0.9605
0.0200	0.9800	0.0004	0.0391	0.9605
0.0200	0.9800	0.0004	0.0391	0.9605
0.0199	0.9801	0.0004	0.0391	0.9605
0.0199	0.9801	0.0004	0.0391	0.9605
0.0199	0.9801	0.0004	0.0391	0.9605
0.0199	0.9801	0.0004	0.0391	0.9605
0.0199	0.9801	0.0004	0.0390	0.9606
0.0199	0.9801	0.0004	0.0390	0.9606
0.0199	0.9801	0.0004	0.0390	0.9606
0.0199	0.9801	0.0004	0.0390	0.9606
0.0199	0.9801	0.0004	0.0390	0.9606
0.0199	0.9801	0.0004	0.0390	0.9606
0.0199	0.9801	0.0004	0.0390	0.9606
0.0199	0.9801	0.0004	0.0390	0.9606
0.0199	0.9801	0.0004	0.0390	0.9606
0.0199	0.9801	0.0004	0.0389	0.9607
0.0199	0.9801	0.0004	0.0389	0.9607
0.0199	0.9801	0.0004	0.0389	0.9607
0.0199	0.9801	0.0004	0.0389	0.9607
0.0198	0.9802	0.0004	0.0389	0.9607
0.0198	0.9802	0.0004	0.0389	0.9607
0.0198	0.9802	0.0004	0.0389	0.9607
0.0198	0.9802	0.0004	0.0389	0.9607
0.0198	0.9802	0.0004	0.0389	0.9607
0.0198	0.9802	0.0004	0.0389	0.9607
0.0198	0.9802	0.0004	0.0389	0.9608
0.0198	0.9802	0.0004	0.0388	0.9608
0.0198	0.9802	0.0004	0.0388	0.9608
0.0198	0.9802	0.0004	0.0388	0.9608
0.0198	0.9802	0.0004	0.0388	0.9608
0.0198	0.9802	0.0004	0.0388	0.9608
0.0198	0.9802	0.0004	0.0388	0.9608
0.0198	0.9802	0.0004	0.0388	0.9608
0.0198	0.9802	0.0004	0.0388	0.9608
0.0198	0.9802	0.0004	0.0388	0.9608
0.0198	0.9802	0.0004	0.0388	0.9608
0.0198	0.9802	0.0004	0.0388	0.9608
0.0198	0.9802	0.0004	0.0388	0.9608
0.0198	0.9802	0.0004	0.0388	0.9608
0.0198	0.9802	0.0004	0.0388	0.9609
0.0198	0.9802	0.0004	0.0387	0.9609
0.0198	0.9802	0.0004	0.0387	0.9609
0.0198	0.9802	0.0004	0.0387	0.9609
0.0198	0.9802	0.0004	0.0387	0.9609
0.0198	0.9802	0.0004	0.0387	0.9609
0.0197	0.9803	0.0004	0.0387	0.9609
0.0197	0.9803	0.0004	0.0387	0.9609
0.0197	0.9803	0.0004	0.0387	0.9609
0.0197	0.9803	0.0004	0.0387	0.9609
0.0197	0.9803	0.0004	0.0387	0.9609
0.0197	0.9803	0.0004	0.0387	0.9609
0.0197	0.9803	0.0004	0.0387	0.9609
0.0197	0.9803	0.0004	0.0387	0.9609
0.0197	0.9803	0.0004	0.0387	0.9609
0.0197	0.9803	0.0004	0.0387	0.9609
0.0197	0.9803	0.0004	0.0387	0.9609
0.0197	0.9803	0.0004	0.0387	0.9609
0.0197	0.9803	0.0004	0.0387	0.9610
0.0197	0.9803	0.0004	0.0387	0.9610
0.0197	0.9803	0.0004	0.0387	0.9610
0.0197	0.9803	0.0004	0.0386	0.9610
0.0197	0.9803	0.0004	0.0386	0.9610
0.0197	0.9803	0.0004	0.0386	0.9610
0.0197	0.9803	0.0004	0.0386	0.9610
0.0197	0.9803	0.0004	0.0386	0.9610
0.0197	0.9803	0.0004	0.0386	0.9610
0.0197	0.9803	0.0004	0.0386	0.9610
0.0197	0.9803	0.0004	0.0386	0.9610
0.0197	0.9803	0.0004	0.0386	0.9610
0.0197	0.9803	0.0004	0.0386	0.9610
0.0197	0.9803	0.0004	0.0386	0.9610
0.0197	0.9803	0.0004	0.0386	0.9610
0.0197	0.9803	0.0004	0.0386	0.9610
0.0197	0.9803	0.0004	0.0386	0.9610
0.0197	0.9803	0.0004	0.0386	0.9610
0.0197	0.9803	0.0004	0.0386	0.9610
0.0197	0.9803	0.0004	0.0386	0.9610
0.0197	0.9803	0.0004	0.0386	0.9610
0.0197	0.9803	0.0004	0.0386	0.9610
0.0197	0.9803	0.0004	0.0386	0.9610
0.0197	0.9803	0.0004	0.0386	0.9610
0.0197	0.9803	0.0004	0.0386	0.9610
0.0197	0.9803	0.0004	0.0386	0.9610
0.0197	0.9803	0.0004	0.0386	0.9610
0.0197	0.9803	0.0004	0.0386	0.9610
0.0197	0.9803	0.0004	0.0386	0.9610
0.0197	0.9803	0.0004	0.0386	0.9610
0.0197	0.9803	0.0004	0.0386	0.9611
0.0197	0.9803	0.0004	0.0386	0.9611
0.0197	0.9803	0.0004	0.0386	0.9611
0.0197	0.9803	0.0004	0.0386	0.9611
0.0197	0.9803	0.0004	0.0386	0.9611
0.0197	0.9803	0.0004	0.0386	0.9611
0.0197	0.9803	0.0004	0.0385	0.9611
0.0197	0.9803	0.0004	0.0385	0.9611
0.0197	0.9803	0.0004	0.0385	0.9611
0.0197	0.9803	0.0004	0.0385	0.9611
0.0197	0.9803	0.0004	0.0385	0.9611
0.0197	0.9803	0.0004	0.0385	0.9611
0.0197	0.9803	0.0004	0.0385	0.9611
0.0197	0.9803	0.0004	0.0385	0.9611
0.0197	0.9803	0.0004	0.0385	0.9611
0.0197	0.9803	0.0004	0.0385	0.9611
0.0197	0.9803	0.0004	0.0385	0.9611
0.0197	0.9803	0.0004	0.0385	0.9611
0.0196	0.9804	0.0004	0.0385	0.9611
0.0196	0.9804	0.0004	0.0385	0.9611
0.0196	0.9804	0.0004	0.0385	0.9611
0.0196	0.9804	0.0004	0.0385	0.9611
0.0196	0.9804	0.0004	0.0385	0.9611
0.0196	0.9804	0.0004	0.0385	0.9611
0.0196	0.9804	0.0004	0.0385	0.9611
0.0196	0.9804	0.0004	0.0385	0.9611
0.0196	0.9804	0.0004	0.0385	0.9611
0.0196	0.9804	0.0004	0.0385	0.9611
0.0196	0.9804	0.0004	0.0385	0.9611
0.0196	0.9804	0.0004	0.0385	0.9611
0.0196	0.9804	0.0004	0.0385	0.9611
0.0196	0.9804	0.0004	0.0385	0.9611
0.0196	0.9804	0.0004	0.0385	0.9611
0.0196	0.9804	0.0004	0.0385	0.9611
0.0196	0.9804	0.0004	0.0385	0.9611
0.0196	0.9804	0.0004	0.0385	0.9611
0.0196	0.9804	0.0004	0.0385	0.9611
0.0196	0.9804	0.0004	0.0385	0.9611
0.0196	0.9804	0.0004	0.0385	0.9611
0.0196	0.9804	0.0004	0.0385	0.9611
0.0196	0.9804	0.0004	0.0385	0.9611
0.0196	0.9804	0.0004	0.0385	0.9611
0.0196	0.9804	0.0004	0.0385	0.9611
0.0196	0.9804	0.0004	0.0385	0.9611
0.0196	0.9804	0.0004	0.0385	0.9611
0.0196	0.9804	0.0004	0.0385	0.9611
0.0196	0.9804	0.0004	0.0385	0.9611
0.0196	0.9804	0.0004	0.0385	0.9611
0.0196	0.9804	0.0004	0.0385	0.9611
0.0196	0.9804	0.0004	0.0385	0.9611
0.0196	0.9804	0.0004	0.0385	0.9611
0.0196	0.9804	0.0004	0.0385	0.9611
0.0196	0.9804	0.0004	0.0385	0.9611
0.0196	0.9804	0.0004	0.0385	0.9611
0.0196	0.9804	0.0004	0.0385	0.9611
0.0196	0.9804	0.0004	0.0385	0.9611
0.0196	0.9804	0.0004	0.0385	0.9611
0.0196	0.9804	0.0004	0.0385	0.9611
0.0196	0.9804	0.0004	0.0385	0.9611
0.0196	0.9804	0.0004	0.0385	0.9611
0.0196	0.9804	0.0004	0.0385	0.9611
0.0196	0.9804	0.0004	0.0385	0.9611
0.0196	0.9804	0.0004	0.0385	0.9611
0.0196	0.9804	0.0004	0.0385	0.9611
0.0196	0.9804	0.0004	0.0385	0.9611
0.0196	0.9804	0.0004	0.0385	0.9611
0.0196	0.9804	0.0004	0.0385	0.9611
0.0196	0.9804	0.0004	0.0385	0.9611
0.0196	0.9804	0.0004	0.0385	0.9611
0.0196	0.9804	0.0004	0.0385	0.9611
0.0196	0.9804	0.0004	0.0385	0.9611
0.0196	0.9804	0.0004	0.0385	0.9611
0.0196	0.9804	0.0004	0.0385	0.9611
0.0196	0.9804	0.0004	0.0385	0.9611
0.0196	0.9804	0.0004	0.0385	0.9611
0.0196	0.9804	0.0004	0.0385	0.9611
0.0196	0.9804	0.0004	0.0385	0.9611
0.0196	0.9804	0.0004	0.0385	0.9611
0.0196	0.9804	0.0004	0.0385	0.9611
0.0196	0.9804	0.0004	0.0385	0.9611
0.0196	0.9804	0.0004	0.0385	0.9611
0.0196	0.9804	0.0004	0.0385	0.9611
0.0196	0.9804	0.0004	0.0385	0.9611
0.0196	0.9804	0.0004	0.0385	0.9611
0.0196	0.9804	0.0004	0.0385	0.9611
0.0196	0.9804	0.0004	0.0385	0.9611
0.0196	0.9804	0.0004	0.0385	0.9611
0.0196	0.9804	0.0004	0.0385	0.9611
0.0196	0.9804	0.0004	0.0385	0.9611
0.0196	0.9804	0.0004	0.0385	0.9611
0.0196	0.9804	0.0004	0.0385	0.9611
0.0196	0.9804	0.0004	0.0385	0.9612
0.0196	0.9804	0.0004	0.0385	0.9612
0.0196	0.9804	0.0004	0.0385	0.9612
0.0196	0.9804	0.0004	0.0385	0.9612
0.0196	0.9804	0.0004	0.0385	0.9612
0.0196	0.9804	0.0004	0.0385	0.9612
0.0196	0.9804	0.0004	0.0385	0.9612
0.0196	0.9804	0.0004	0.0385	0.9612
0.0196	0.9804	0.0004	0.0385	0.9612
0.0196	0.9804	0.0004	0.0385	0.9612
0.0196	0.9804	0.0004	0.0385	0.9612
0.0196	0.9804	0.0004	0.0385	0.9612
0.0196	0.9804	0.0004	0.0385	0.9612
0.0196	0.9804	0.0004	0.0385	0.9612
0.0196	0.9804	0.0004	0.0385	0.9612
0.0196	0.9804	0.0004	0.0385	0.9612
0.0196	0.9804	0.0004	0.0385	0.9612
0.0196	0.9804	0.0004	0.0385	0.9612
0.0196	0.9804	0.0004	0.0385	0.9612
0.0196	0.9804	0.0004	0.0385	0.9612
0.0196	0.9804	0.0004	0.0385	0.9612
0.0196	0.9804	0.0004	0.0385	0.9612
0.0196	0.9804	0.0004	0.0385	0.9612
0.0196	0.9804	0.0004	0.0385	0.9612
0.0196	0.9804	0.0004	0.0385	0.9612
0.0196	0.9804	0.0004	0.0385	0.9612
0.0196	0.9804	0.0004	0.0385	0.9612
0.0196	0.9804	0.0004	0.0385	0.9612
0.0196	0.9804	0.0004	0.0385	0.9612
0.0196	0.9804	0.0004	0.0385	0.9612
0.0196	0.9804	0.0004	0.0385	0.9612
0.0196	0.9804	0.0004	0.0385	0.9612
0.0196	0.9804	0.0004	0.0385	0.9612
0.0196	0.9804	0.0004	0.0385	0.9612
0.0196	0.9804	0.0004	0.0385	0.9612
0.0196	0.9804	0.0004	0.0385	0.9612
0.0196	0.9804	0.0004	0.0385	0.9612
0.0196	0.9804	0.0004	0.0385	0.9612
0.0196	0.9804	0.0004	0.0385	0.9612
0.0196	0.9804	0.0004	0.0385	0.9612
0.0196	0.9804	0.0004	0.0385	0.9612
0.0196	0.9804	0.0004	0.0385	0.9612
0.0196	0.9804	0.0004	0.0385	0.9612
0.0196	0.9804	0.0004	0.0385	0.9612
0.0196	0.9804	0.0004	0.0385	0.9612
0.0196	0.9804	0.0004	0.0385	0.9612
0.0196	0.9804	0.0004	0.0385	0.9612
0.0196	0.9804	0.0004	0.0385	0.9612
0.0196	0.9804	0.0004	0.0385	0.9612
0.0196	0.9804	0.0004	0.0385	0.9612
0.0196	0.9804	0.0004	0.0385	0.9612
0.0196	0.9804	0.0004	0.0385	0.9612
0.0196	0.9804	0.0004	0.0385	0.9612
0.0196	0.9804	0.0004	0.0385	0.9612
0.0196	0.9804	0.0004	0.0385	0.9612
0.0196	0.9804	0.0004	0.0385	0.9612
0.0196	0.9804	0.0004	0.0385	0.9612
0.0196	0.9804	0.0004	0.0385	0.9612
0.0196	0.9804	0.0004	0.0385	0.9612
0.0196	0.9804	0.0004	0.0385	0.9612
0.0196	0.9804	0.0004	0.0385	0.9612
0.0196	0.9804	0.0004	0.0385	0.9612
0.0196	0.9804	0.0004	0.0385	0.9612
0.0196	0.9804	0.0004	0.0385	0.9612
0.0196	0.9804	0.0004	0.0385	0.9612
0.0196	0.9804	0.0004	0.0385	0.9612
0.0196	0.9804	0.0004	0.0385	0.9612
0.0196	0.9804	0.0004	0.0385	0.9612
0.0196	0.9804	0.0004	0.0385	0.9612
0.0196	0.9804	0.0004	0.0385	0.9612
0.0196	0.9804	0.0004	0.0385	0.9612
0.0196	0.9804	0.0004	0.0385	0.9612
0.0196	0.9804	0.0004	0.0385	0.9612
0.0196	0.9804	0.0004	0.0385	0.9612
0.0196	0.9804	0.0004	0.0385	0.9612
0.0196	0.9804	0.0004	0.0385	0.9612
0.0196	0.9804	0.0004	0.0385	0.9612
0.0196	0.9804	0.0004	0.0385	0.9612
0.0196	0.9804	0.0004	0.0385	0.9612
0.0196	0.9804	0.0004	0.0385	0.9612
0.0196	0.9804	0.0004	0.0385	0.9612
0.0196	0.9804	0.0004	0.0385	0.9612
0.0196	0.9804	0.0004	0.0385	0.9612
0.0196	0.9804	0.0004	0.0385	0.9612
0.0196	0.9804	0.0004	0.0385	0.9612
0.0196	0.9804	0.0004	0.0385	0.9612
0.0196	0.9804	0.0004	0.0384	0.9612
0.0196	0.9804	0.0004	0.0384	0.9612
0.0196	0.9804	0.0004	0.0384	0.9612
0.0196	0.9804	0.0004	0.0384	0.9612
0.0196	0.9804	0.0004	0.0384	0.9612
0.0196	0.9804	0.0004	0.0384	0.9612
0.0196	0.9804	0.0004	0.0384	0.9612
0.0196	0.9804	0.0004	0.0384	0.9612
0.0196	0.9804	0.0004	0.0384	0.9612
0.0196	0.9804	0.0004	0.0384	0.9612
0.0196	0.9804	0.0004	0.0384	0.9612
0.0196	0.9804	0.0004	0.0384	0.9612
0.0196	0.9804	0.0004	0.0384	0.9612
0.0196	0.9804	0.0004	0.0384	0.9612
0.0196	0.9804	0.0004	0.0384	0.9612
0.0196	0.9804	0.0004	0.0384	0.9612
0.0196	0.9804	0.0004	0.0384	0.9612
0.0196	0.9804	0.0004	0.0384	0.9612
0.0196	0.9804	0.0004	0.0384	0.9612
0.0196	0.9804	0.0004	0.0384	0.9612
0.0196	0.9804	0.0004	0.0384	0.9612
0.0196	0.9804	0.0004	0.0384	0.9612
0.0196	0.9804	0.0004	0.0384	0.9612
0.0196	0.9804	0.0004	0.0384	0.9612
0.0196	0.9804	0.0004	0.0384	0.9612
0.0196	0.9804	0.0004	0.0384	0.9612
0.0196	0.9804	0.0004	0.0384	0.9612
0.0196	0.9804	0.0004	0.0384	0.9612
0.0196	0.9804	0.0004	0.0384	0.9612
0.0196	0.9804	0.0004	0.0384	0.9612
0.0196	0.9804	0.0004	0.0384	0.9612
0.0196	0.9804	0.0004	0.0384	0.9612
0.0196	0.9804	0.0004	0.0384	0.9612
0.0196	0.9804	0.0004	0.0384	0.9612
0.0196	0.9804	0.0004	0.0384	0.9612
0.0196	0.9804	0.0004	0.0384	0.9612
0.0196	0.9804	0.0004	0.0384	0.9612
0.0196	0.9804	0.0004	0.0384	0.9612
0.0196	0.9804	0.0004	0.0384	0.9612
0.0196	0.9804	0.0004	0.0384	0.9612
0.0196	0.9804	0.0004	0.0384	0.9612
0.0196	0.9804	0.0004	0.0384	0.9612
0.0196	0.9804	0.0004	0.0384	0.9612
0.0196	0.9804	0.0004	0.0384	0.9612
0.0196	0.9804	0.0004	0.0384	0.9612
0.0196	0.9804	0.0004	0.0384	0.9612
0.0196	0.9804	0.0004	0.0384	0.9612
0.0196	0.9804	0.0004	0.0384	0.9612
0.0196	0.9804	0.0004	0.0384	0.9612
0.0196	0.9804	0.0004	0.0384	0.9612
0.0196	0.9804	0.0004	0.0384	0.9612
0.0196	0.9804	0.0004	0.0384	0.9612
0.0196	0.9804	0.0004	0.0384	0.9612
0.0196	0.9804	0.0004	0.0384	0.9612
0.0196	0.9804	0.0004	0.0384	0.9612
0.0196	0.9804	0.0004	0.0384	0.9612
